100 5321.99
200 10205.6
300 14937.8
400 19906.5
500 24814
600 29705.2
700 34722.1
800 39637.3
900 44561
1000 49561.2
1100 54431.8
1200 59387.3
1300 64799.6
1400 70100.2
1500 76343.3
1600 82899.3
1700 88732
1800 94800
1900 100745
2000 106688
2100 112419
2200 118107
2300 124029
2400 130952
2500 136136
2600 141913
2700 148334
2800 153572
2900 159361
3000 165258
3100 171038
3200 177018
3300 182223
3400 188539
3500 193838
3600 199824
3700 206873
3800 212413
3900 218128
4000 223373
4100 228936
4200 234964
4300 240402
4400 246883
4500 252436
4600 259416
4700 264093
4800 271573
4900 275608
5000 281267
