100 5097.4
200 9868.58
300 14363.3
400 19253
500 24004.7
600 28602.1
700 33329.4
800 38526.4
900 42943.9
1000 47710.4
1100 52556.9
1200 57444.1
1300 62761.7
1400 68193
1500 73652.1
1600 79990.2
1700 85690.1
1800 91769.4
1900 97401
2000 103156
2100 109418
2200 114513
2300 119953
2400 125814
2500 131123
2600 137050
2700 142551
2800 148338
2900 154297
3000 159652
3100 165103
3200 171652
3300 177434
3400 182764
3500 188081
3600 194071
3700 200088
3800 205243
3900 209800
4000 215763
4100 221722
4200 227046
4300 233175
4400 239729
4500 245349
4600 251378
4700 256160
4800 261662
4900 267722
5000 272769
