100 319.228
200 319.59
300 353.957
400 352.251
500 373.34
600 361.795
700 394.807
800 380.498
900 389.961
1000 392.946
1100 405.308
1200 417.196
1300 423.902
1400 434.779
1500 444.318
1600 441.123
1700 459.168
1800 467.053
1900 469.26
2000 463.7
2100 462.894
2200 489.856
2300 458.625
2400 475.057
2500 502.999
2600 459.792
2700 471.633
2800 481.887
2900 477.674
3000 487.702
3100 494.352
3200 499.187
3300 502.214
3400 517.372
3500 510.056
3600 516.625
3700 506.98
3800 528.586
3900 523.508
4000 526.59
4100 521.016
4200 558.162
4300 536.076
4400 534.047
4500 546.686
4600 587.607
4700 526.88
4800 564.464
4900 571.111
5000 554.872
