100 4939.95
200 9484.17
300 13923.4
400 18776
500 23301.3
600 27733.5
700 32581.5
800 36968.5
900 41622.4
1000 46202.3
1100 50964.6
1200 55392.8
1300 60818.5
1400 65758.8
1500 71650.4
1600 77610.5
1700 83036.2
1800 88604
1900 94083.9
2000 99894.1
2100 105539
2200 110704
2300 116753
2400 122191
2500 127289
2600 132964
2700 138780
2800 143870
2900 149399
3000 155561
3100 160293
3200 165691
3300 171053
3400 176448
3500 182166
3600 187596
3700 193382
3800 198427
3900 203627
4000 209180
4100 214561
4200 219853
4300 225427
4400 231081
4500 236644
4600 241984
4700 247357
4800 253170
4900 259730
5000 263516
