100 296.2
200 319.655
300 341.103
400 320.904
500 341.407
600 360.057
700 352.169
800 363.919
900 389.28
1000 397.745
1100 412.395
1200 399.558
1300 425.233
1400 414.305
1500 434.839
1600 443.702
1700 407.819
1800 448.31
1900 429.751
2000 445.903
2100 458.929
2200 442.982
2300 460.488
2400 470.078
2500 460.035
2600 462.504
2700 469.166
2800 470.921
2900 488.468
3000 480.176
3100 484.889
3200 493.587
3300 536.988
3400 480.682
3500 514.507
3600 527.211
3700 494.363
3800 527.765
3900 512.954
4000 505.714
4100 530.149
4200 594.642
4300 515.943
4400 528.069
4500 517.023
4600 546.664
4700 519.998
4800 548.884
4900 538.85
5000 542.358
