100 340.944
200 361.932
300 390.038
400 415.41
500 424.236
600 409.898
700 479.09
800 466.27
900 469.553
1000 473.938
1100 478.213
1200 466.434
1300 538.102
1400 512.354
1500 526.585
1600 545.007
1700 548.782
1800 547.021
1900 541.891
2000 574.827
2100 507.207
2200 534.419
2300 539.555
2400 549.92
2500 565.301
2600 578.63
2700 585.524
2800 591
2900 573.409
3000 610.194
3100 573.255
3200 607.066
3300 583.766
3400 637.541
3500 610.874
3600 601.309
3700 601.967
3800 621.756
3900 632.153
4000 627.173
4100 620.977
4200 632.943
4300 604.767
4400 635.504
4500 649.728
4600 663.389
4700 668.893
4800 651.93
4900 634.352
5000 738.789
