50 6.48869e-005
100 6.74194e-005
150 7.02851e-005
200 6.80449e-005
250 7.52579e-005
300 7.08179e-005
350 7.55408e-005
400 7.12994e-005
450 7.39658e-005
500 7.17342e-005
550 6.12053e-005
600 5.07247e-005
650 5.05923e-005
700 5.09151e-005
750 5.83787e-005
800 7.60861e-005
850 5.16455e-005
900 5.33728e-005
950 5.36849e-005
1000 6.45702e-005
1050 5.07499e-005
1100 5.73799e-005
1150 6.01187e-005
1200 5.41411e-005
1250 5.4085e-005
1300 5.38034e-005
1350 5.56927e-005
1400 5.68718e-005
1450 6.63286e-005
1500 7.2497e-005
1550 7.25844e-005
1600 7.39083e-005
1650 7.92243e-005
1700 9.16377e-005
1750 8.9063e-005
1800 9.70524e-005
1850 9.16493e-005
1900 8.29957e-005
1950 9.25809e-005
2000 8.86386e-005
2050 8.44223e-005
2100 8.46668e-005
2150 8.57258e-005
2200 9.52588e-005
2250 9.42251e-005
2300 9.02651e-005
2350 9.009e-005
2400 9.28749e-005
2450 8.856e-005
2500 8.9392e-005
