50 6.78527e-005
100 6.69566e-005
150 6.86314e-005
200 6.71555e-005
250 7.47438e-005
300 7.33839e-005
350 7.46597e-005
400 7.35561e-005
450 7.50062e-005
500 7.67357e-005
550 7.78585e-005
600 5.01445e-005
650 5.13672e-005
700 5.5489e-005
750 8.04936e-005
800 8.41439e-005
850 5.60765e-005
900 5.45501e-005
950 5.16974e-005
1000 6.13723e-005
1050 4.943e-005
1100 6.31367e-005
1150 5.84177e-005
1200 5.90212e-005
1250 5.79936e-005
1300 5.80328e-005
1350 6.45331e-005
1400 7.3815e-005
1450 7.46314e-005
1500 8.22901e-005
1550 7.47305e-005
1600 7.02357e-005
1650 7.94137e-005
1700 8.28388e-005
1750 8.36059e-005
1800 8.42939e-005
1850 8.44819e-005
1900 8.00646e-005
1950 9.50794e-005
2000 8.76138e-005
2050 8.11545e-005
2100 8.99146e-005
2150 8.61006e-005
2200 8.92845e-005
2250 8.91657e-005
2300 9.63197e-005
2350 9.74292e-005
2400 9.50804e-005
2450 8.89086e-005
2500 0.000101648
