50 7.6374e-005
100 7.12836e-005
150 6.60966e-005
200 6.76869e-005
250 7.31269e-005
300 7.46186e-005
350 7.54791e-005
400 7.39227e-005
450 7.37458e-005
500 7.79939e-005
550 5.975e-005
600 6.2254e-005
650 6.52571e-005
700 6.25686e-005
750 6.12341e-005
800 7.92538e-005
850 6.36205e-005
900 6.96285e-005
950 6.50292e-005
1000 6.06305e-005
1050 6.03975e-005
1100 6.55489e-005
1150 6.62055e-005
1200 6.53979e-005
1250 7.16763e-005
1300 6.9466e-005
1350 7.07065e-005
1400 6.75292e-005
1450 8.38698e-005
1500 8.39198e-005
1550 9.14563e-005
1600 8.26855e-005
1650 9.67423e-005
1700 0.00010612
1750 9.62616e-005
1800 9.30358e-005
1850 9.67907e-005
1900 9.0341e-005
1950 9.86673e-005
2000 8.49644e-005
2050 9.17753e-005
2100 9.90267e-005
2150 9.65174e-005
2200 9.28863e-005
2250 9.73554e-005
2300 0.00010059
2350 0.000101618
2400 9.31858e-005
2450 9.46466e-005
2500 9.13425e-005
