50 0.000594442
100 0.00115534
150 0.0016476
200 0.00216183
250 0.00280825
300 0.00316159
350 0.00374144
400 0.00444878
450 0.00485543
500 0.00555213
550 0.00579062
600 0.0067022
650 0.00721162
700 0.00793474
750 0.00827297
800 0.00863319
850 0.00941333
900 0.0100036
950 0.0101093
1000 0.0112909
1050 0.0118981
1100 0.0116371
1150 0.0121719
1200 0.0126644
1250 0.0133842
1300 0.0150143
1350 0.0143826
1400 0.0150687
1450 0.0159685
1500 0.0164581
1550 0.016991
1600 0.0176091
1650 0.0183627
1700 0.020166
1750 0.0208529
1800 0.0203731
1850 0.0209421
1900 0.0227111
1950 0.0233568
2000 0.0231479
2050 0.0229485
2100 0.0235937
2150 0.0241295
2200 0.0245083
2250 0.0249929
2300 0.0255617
2350 0.0266631
2400 0.0272722
2450 0.0283578
2500 0.0289014
