50 0.000595354
100 0.00115462
150 0.00164144
200 0.00215442
250 0.00280321
300 0.00317305
350 0.00373297
400 0.004441
450 0.00490164
500 0.00554547
550 0.0057982
600 0.00659733
650 0.00720086
700 0.00794233
750 0.00828386
800 0.00870814
850 0.00942941
900 0.00997895
950 0.0100396
1000 0.011278
1050 0.0118704
1100 0.011576
1150 0.0120728
1200 0.0126471
1250 0.0133478
1300 0.0144876
1350 0.0144592
1400 0.0151427
1450 0.0158419
1500 0.0164544
1550 0.017291
1600 0.0179378
1650 0.0183719
1700 0.0198927
1750 0.0204664
1800 0.0206027
1850 0.0211575
1900 0.022727
1950 0.0233403
2000 0.023216
2050 0.0231099
2100 0.0238584
2150 0.0243341
2200 0.0249485
2250 0.0255014
2300 0.0259939
2350 0.0266905
2400 0.0272942
2450 0.0281684
2500 0.0288112
