50 0.000591111
100 0.00115379
150 0.00165772
200 0.00215022
250 0.00280577
300 0.00334991
350 0.00372204
400 0.00444784
450 0.00487401
500 0.00528069
550 0.00607628
600 0.00630044
650 0.00726751
700 0.00755069
750 0.00831292
800 0.00847918
850 0.00942816
900 0.00996106
950 0.0100245
1000 0.0109935
1050 0.0111473
1100 0.0123019
1150 0.0128163
1200 0.0132914
1250 0.0132063
1300 0.0140248
1350 0.0144446
1400 0.0151616
1450 0.0157419
1500 0.0167365
1550 0.016977
1600 0.0175327
1650 0.0183374
1700 0.0199189
1750 0.0197532
1800 0.0207559
1850 0.0213819
1900 0.0227344
1950 0.0234099
2000 0.0228346
2050 0.0239601
2100 0.0247074
2150 0.0252333
2200 0.0253715
2250 0.025905
2300 0.0265297
2350 0.0271612
2400 0.0277477
2450 0.0281497
2500 0.0287075
