100 0.000853264
200 0.00091002
300 0.000930702
400 0.000989382
500 0.000987458
600 0.00102594
700 0.000999483
800 0.00100718
900 0.0010269
1000 0.00106778
1100 0.00104902
1200 0.00105191
1300 0.00108558
1400 0.0010875
1500 0.00114137
1600 0.00110915
1700 0.00112502
1800 0.00107884
1900 0.00112742
2000 0.00112791
2100 0.00110145
2200 0.00111588
2300 0.0011231
2400 0.00110097
2500 0.00110722
2600 0.00113464
2700 0.00114233
2800 0.00116542
2900 0.00116975
3000 0.00117793
3100 0.00119091
3200 0.00116398
3300 0.00114955
3400 0.00114714
3500 0.00118514
3600 0.00113849
3700 0.00121929
3800 0.0011659
3900 0.00116686
4000 0.00111011
4100 0.0011356
4200 0.00118562
4300 0.00113993
4400 0.00117119
4500 0.0011659
4600 0.00120823
4700 0.00119236
4800 0.00119572
4900 0.00121112
5000 0.00122651
