100 135.661
200 150.862
300 153.554
400 144.523
500 156.503
600 148.862
700 146.543
800 158.795
900 167.166
1000 145.698
1100 140.373
1200 152.629
1300 139.044
1400 144.775
1500 140.691
1600 151.692
1700 145.103
1800 153.935
1900 148.476
2000 151.439
2100 154.186
2200 159.622
2300 145.446
2400 153.331
2500 147.924
2600 150.015
2700 156.344
2800 152.969
2900 150.294
3000 163.218
3100 153.147
3200 155.942
3300 155.307
3400 162.488
3500 154.88
3600 157.402
3700 160.022
3800 150.081
3900 157.408
4000 149.799
4100 150.944
4200 149.077
4300 162.106
4400 151.559
4500 162.664
4600 149.668
4700 158.517
4800 145.559
4900 155.684
5000 169.45
