100 0.000821038
200 0.000886452
300 0.000951865
400 0.000938398
500 0.000984091
600 0.00100285
700 0.00103796
800 0.000992749
900 0.00104085
1000 0.00106778
1100 0.00105335
1200 0.00106297
1300 0.0010774
1400 0.00107452
1500 0.00107692
1600 0.00106297
1700 0.00112598
1800 0.0010851
1900 0.00111829
2000 0.00108414
2100 0.00109424
2200 0.00112069
2300 0.00111203
2400 0.00109039
2500 0.00110867
2600 0.00111588
2700 0.00114233
2800 0.00112069
2900 0.00122987
3000 0.00114811
3100 0.00115965
3200 0.00110434
3300 0.00118899
3400 0.00113752
3500 0.00117023
3600 0.00110626
3700 0.00117841
3800 0.00115051
3900 0.00121641
4000 0.00116638
4100 0.00112935
4200 0.00114233
4300 0.00117119
4400 0.00120871
4500 0.00119428
4600 0.00117793
4700 0.0011861
4800 0.00116975
4900 0.00124959
5000 0.00121352
