100 127.983
200 149.387
300 142.792
400 146.91
500 138.614
600 146.591
700 139.312
800 150.607
900 163.283
1000 148.794
1100 144.425
1200 147.426
1300 134.226
1400 146.079
1500 142.15
1600 154.571
1700 148.158
1800 138.952
1900 137.658
2000 144.727
2100 145.48
2200 145.394
2300 146.929
2400 145.894
2500 156.117
2600 158.509
2700 150.525
2800 142.737
2900 148.636
3000 140.687
3100 151.207
3200 145.414
3300 145.607
3400 158.773
3500 138.843
3600 151.242
3700 149.642
3800 146.063
3900 150.149
4000 164.879
4100 145.168
4200 163.738
4300 139.478
4400 157.996
4500 148.672
4600 162.079
4700 150.807
4800 149.434
4900 153.838
5000 158.178
