100 134.126
200 150.173
300 149.855
400 146.22
500 134.188
600 133.463
700 148.086
800 152.721
900 160.871
1000 150.116
1100 139.814
1200 151.69
1300 148.65
1400 161.571
1500 146.292
1600 146.086
1700 154.838
1800 164.422
1900 155.233
2000 147.709
2100 150.463
2200 151.31
2300 137.294
2400 151.567
2500 153.866
2600 150.947
2700 144.006
2800 146.969
2900 147.741
3000 155.891
3100 155.795
3200 147.502
3300 162.856
3400 143.388
3500 137.84
3600 143.033
3700 145.259
3800 144.617
3900 139.393
4000 157.08
4100 148.837
4200 144.279
4300 159.432
4400 152.541
4500 146.863
4600 153.184
4700 160.415
4800 158.369
4900 153.423
5000 172.559
