100 0.00083643
200 0.000928297
300 0.000942727
400 0.000917235
500 0.000940322
600 0.000939841
700 0.000985053
800 0.000943689
900 0.000981205
1000 0.000993711
1100 0.000947056
1200 0.00090521
1300 0.000897995
1400 0.000911463
1500 0.000954751
1600 0.000947537
1700 0.000968219
1800 0.000954751
1900 0.00103171
2000 0.00102209
2100 0.000957156
2200 0.000916754
2300 0.000923487
2400 0.000919159
2500 0.00093936
2600 0.000913868
2700 0.000948018
2800 0.000919159
2900 0.000980243
3000 0.000922045
3100 0.00095908
3200 0.000923487
3300 0.000931664
3400 0.000959561
3500 0.000955713
3600 0.000937436
3700 0.00101536
3800 0.0010269
3900 0.00103556
4000 0.000997559
4100 0.00100525
4200 0.000990825
4300 0.000988901
4400 0.000971105
4500 0.000982167
4600 0.000998521
4700 0.00101006
4800 0.000940322
4900 0.00101151
5000 0.00100718
