100 0.000211001
200 0.000361031
300 0.000529753
400 0.000706747
500 0.000875309
600 0.00103241
700 0.00177238
800 0.00184442
900 0.00213545
1000 0.00232238
1100 0.00248523
1200 0.00285417
1300 0.00363843
1400 0.00404409
1500 0.00480638
1600 0.00526518
1700 0.00596039
1800 0.00602474
1900 0.00662038
2000 0.00676735
2100 0.00690192
2200 0.00750252
2300 0.00781173
2400 0.00796842
2500 0.00858264
2600 0.00898361
2700 0.00922244
2800 0.00958993
2900 0.00983625
3000 0.0102271
3100 0.0100332
3200 0.0103754
3300 0.0113003
3400 0.0116088
3500 0.0120573
3600 0.0117367
3700 0.0119863
3800 0.0124678
3900 0.0126932
4000 0.0134009
4100 0.0137422
4200 0.0141181
4300 0.0145148
4400 0.0148081
4500 0.0151559
4600 0.0154355
4700 0.0157825
4800 0.0160865
4900 0.0164144
5000 0.0168588
