100 216.162
200 231.264
300 236.798
400 220.726
500 241.668
600 200.953
700 234.826
800 275.337
900 240.903
1000 225.602
1100 224.213
1200 236.345
1300 251.061
1400 248.701
1500 229.107
1600 232.963
1700 239.167
1800 219.594
1900 257.372
2000 221.11
2100 241.973
2200 268.352
2300 237.555
2400 236.005
2500 232.438
2600 239.687
2700 224.874
2800 222.465
2900 216.029
3000 238.101
3100 248.289
3200 238.967
3300 222.033
3400 232.873
3500 217.969
3600 231.217
3700 233.827
3800 230.979
3900 240.522
4000 226.963
4100 256.512
4200 226.022
4300 241.288
4400 227.326
4500 265.999
4600 296.45
4700 242.627
4800 239.396
4900 238.823
5000 236.243
