100 0.000776309
200 0.000801801
300 0.000830179
400 0.00101151
500 0.000753221
600 0.000720033
700 0.000877315
800 0.000851823
900 0.00086
1000 0.000871062
1100 0.000784485
1200 0.000743121
1300 0.000751297
1400 0.00106298
1500 0.00101921
1600 0.00106442
1700 0.00107981
1800 0.00105095
1900 0.0010952
2000 0.00112069
2100 0.00109424
2200 0.0011029
2300 0.00112358
2400 0.00109568
2500 0.00109664
2600 0.00107885
2700 0.00112983
2800 0.00112358
2900 0.00108606
3000 0.00113512
3100 0.00114715
3200 0.00112791
3300 0.00111011
3400 0.00112647
3500 0.00112117
3600 0.00113176
3700 0.00117312
3800 0.00115436
3900 0.00107644
4000 0.0011231
4100 0.00109424
4200 0.00111059
4300 0.00111925
4400 0.00113031
4500 0.00117504
4600 0.00116254
4700 0.00121016
4800 0.00113272
4900 0.00121449
5000 0.00118466
