100 231.4
200 279.095
300 235.756
400 240.543
500 223.862
600 261.78
700 254.244
800 261.011
900 262.964
1000 268.012
1100 244.076
1200 274.45
1300 282.243
1400 262.813
1500 256.124
1600 250.56
1700 254.561
1800 225.317
1900 227.904
2000 251.385
2100 234.13
2200 246.595
2300 267.304
2400 259.008
2500 308.329
2600 237.016
2700 257.628
2800 256.687
2900 231.189
3000 238.483
3100 234.019
3200 255.874
3300 237.692
3400 266.908
3500 261.684
3600 262.105
3700 248.811
3800 256.67
3900 260.595
4000 254.243
4100 266.117
4200 245.953
4300 268.428
4400 296.606
4500 294.845
4600 358.354
4700 275.393
4800 440.083
4900 273.62
5000 286.39
