100 9.8424
200 25.9835
300 3.48522
400 10.2745
500 31.0521
600 50.6281
700 24.8906
800 22.2265
900 3.50901
1000 52.6619
1100 1.96472
1200 38.8521
1300 25.9615
1400 6.30328
1500 23.2555
1600 45.1564
1700 9.61802
1800 34.8981
1900 3.49532
2000 21.1773
2100 20.7625
2200 8.83796
2300 31.9476
2400 4.60954
2500 39.43
2600 1.14152
2700 17.1844
2800 16.8245
2900 13.1151
3000 36.433
3100 40.1539
3200 32.7956
3300 14.011
3400 22.0895
3500 38.5386
3600 10.7215
3700 42.3863
3800 12.482
3900 34.5444
4000 57.1469
4100 24.4289
4200 0.140384
4300 33.566
4400 63.6915
4500 65.4304
4600 17.8569
4700 7.69831
4800 27.4179
4900 28.5648
5000 18.4137
