100 1.28023
200 1.56197
300 0.305479
400 0.930972
500 0.595185
600 4.78274
700 0.044198
800 0.369979
900 0.495818
1000 0.199649
1100 3.55968
1200 0.578766
1300 0.577032
1400 0.077935
1500 0.509258
1600 1.56914
1700 4.26121
1800 1.13348
1900 0.179149
2000 0.164903
2100 0.289919
2200 1.40014
2300 0.548657
2400 7.59613
2500 0.700288
2600 1.49478
2700 0.0481738
2800 0.706545
2900 0.515899
3000 0.561817
3100 2.42667
3200 4.89387
3300 0.0864991
3400 0.347414
3500 1.38708
3600 0.0332405
3700 0.737861
3800 0.346536
3900 2.11373
4000 0.0402113
4100 1.36428
4200 14.0336
4300 1.64223
4400 4.53596
4500 6.77803
4600 0.807691
4700 1.82666
4800 0.626213
4900 1.92043
5000 2.95735
