100 0.000823926
200 0.000775828
300 0.000840761
400 0.000722438
500 0.000741197
600 0.000743602
700 0.000887897
800 0.000902327
900 0.000915794
1000 0.000873467
1100 0.00074264
1200 0.000744083
1300 0.000779195
1400 0.00107789
1500 0.00105239
1600 0.00101247
1700 0.00105432
1800 0.00109135
1900 0.00106249
2000 0.00110338
2100 0.00106971
2200 0.0010827
2300 0.00105287
2400 0.00110867
2500 0.00115821
2600 0.00108702
2700 0.00103845
2800 0.00109039
2900 0.00107115
3000 0.00109761
3100 0.00113416
3200 0.0011712
3300 0.00116254
3400 0.00113657
3500 0.00113849
3600 0.00115051
3700 0.00115869
3800 0.00114763
3900 0.00111011
4000 0.00112647
4100 0.00118947
4200 0.00109809
4300 0.00112887
4400 0.00116398
4500 0.00117889
4600 0.00113464
4700 0.00113849
4800 0.00117793
4900 0.00119428
5000 0.00116398
