100 218.707
200 233.358
300 218.109
400 226.798
500 224.343
600 229.843
700 216.645
800 235.553
900 216.569
1000 214.481
1100 225.31
1200 221.705
1300 228.431
1400 239.229
1500 215.704
1600 211.049
1700 232.152
1800 235.172
1900 233.126
2000 239.094
2100 225.574
2200 209.256
2300 207.331
2400 222.934
2500 241.917
2600 219.379
2700 221.134
2800 219.439
2900 216.158
3000 261.718
3100 231.699
3200 241.082
3300 242.637
3400 233.324
3500 219.561
3600 237.621
3700 227.563
3800 239.448
3900 232.326
4000 234.567
4100 216.984
4200 244.022
4300 228.727
4400 226.158
4500 231.936
4600 224.817
4700 226.791
4800 228.535
4900 227.578
5000 231.81
