100 0.00209277
200 0.00309033
300 0.00408501
400 0.00505515
500 0.00604117
600 0.00703441
700 0.00964519
800 0.0110636
900 0.0124984
1000 0.0138995
1100 0.0147561
1200 0.0167989
1300 0.0191865
1400 0.02661
1500 0.0282545
1600 0.0297003
1700 0.0316219
1800 0.0337517
1900 0.035552
2000 0.0370147
2100 0.0387761
2200 0.0404561
2300 0.0427552
2400 0.0449153
2500 0.0465887
2600 0.0487382
2700 0.0509161
2800 0.0523644
2900 0.0544884
3000 0.0566899
3100 0.0592982
3200 0.0604108
3300 0.0625026
3400 0.0648055
3500 0.06755
3600 0.0683855
3700 0.0704364
3800 0.0736335
3900 0.0754266
4000 0.0783467
4100 0.0807261
4200 0.0820873
4300 0.0832994
4400 0.0882574
4500 0.0886287
4600 0.0915502
4700 0.0939907
4800 0.09353
4900 0.0959166
5000 0.097057
