100 0.00219522
200 0.00302155
300 0.00407923
400 0.00508497
500 0.00606907
600 0.00717678
700 0.00967117
800 0.0109992
900 0.0125475
1000 0.0140698
1100 0.0150418
1200 0.0168816
1300 0.0194279
1400 0.0268726
1500 0.0285811
1600 0.0306792
1700 0.0327556
1800 0.0344299
1900 0.0358863
2000 0.0375375
2100 0.0397703
2200 0.0416576
2300 0.043749
2400 0.0460567
2500 0.0479143
2600 0.0497286
2700 0.0521749
2800 0.0543268
2900 0.0562324
3000 0.0586037
3100 0.0602544
3200 0.0629451
3300 0.0651994
3400 0.068184
3500 0.0696943
3600 0.0714205
3700 0.0730222
3800 0.0764531
3900 0.0794847
4000 0.0812153
4100 0.0850776
4200 0.0862993
4300 0.0882608
4400 0.0920783
4500 0.0940879
4600 0.0963961
4700 0.0979565
4800 0.0989204
4900 0.102053
5000 0.104213
