100 1.00428
200 4.23865
300 1.74053
400 1.45802
500 3.2585
600 0.247384
700 0.618602
800 1.09251
900 0.145241
1000 0.914509
1100 7.3004
1200 0.756585
1300 0.648705
1400 2.21475
1500 4.2707
1600 0.346986
1700 1.89436
1800 5.76662
1900 0.793307
2000 0.872679
2100 1.80304
2200 0.173543
2300 1.41983
2400 0.789339
2500 5.84775
2600 6.1977
2700 3.72939
2800 0.134919
2900 0.123015
3000 0.921914
3100 0.458639
3200 0.148378
3300 0.186255
3400 0.529631
3500 6.13065
3600 1.10756
3700 2.83935
3800 1.31805
3900 6.86484
4000 0.789126
4100 0.284855
4200 0.016078
4300 2.37851
4400 3.59542
4500 0.695606
4600 1.44973
4700 0.328236
4800 0.495917
4900 0.207353
5000 0.493254
