100 0.000214476
200 0.000342775
300 0.000529525
400 0.00074128
500 0.000874843
600 0.00101668
700 0.00174149
800 0.00183639
900 0.00206681
1000 0.00228335
1100 0.00242191
1200 0.00276129
1300 0.00350519
1400 0.00388939
1500 0.00460797
1600 0.00506161
1700 0.00570482
1800 0.00575576
1900 0.00631404
2000 0.00640695
2100 0.0065174
2200 0.00707542
2300 0.00738556
2400 0.00754106
2500 0.00805852
2600 0.00844353
2700 0.00865882
2800 0.00883235
2900 0.00887209
3000 0.00948417
3100 0.0095129
3200 0.00975167
3300 0.0103241
3400 0.0106204
3500 0.0111207
3600 0.010829
3700 0.0111122
3800 0.0114287
3900 0.0116185
4000 0.0134028
4100 0.0127556
4200 0.0129995
4300 0.0132476
4400 0.0136543
4500 0.0140017
4600 0.0141772
4700 0.014564
4800 0.0147949
4900 0.0151691
5000 0.0156026
