100 0.000207492
200 0.000317493
300 0.000460222
400 0.000550638
500 0.00044619
600 0.000731674
700 0.00114582
800 0.00126522
900 0.000595846
1000 0.000625925
1100 0.000588584
1200 0.000614819
1300 0.000988476
1400 0.00071667
1500 0.000882144
1600 0.000786443
1700 0.000792851
1800 0.000783221
1900 0.000974941
2000 0.000828096
2100 0.000774829
2200 0.000797721
2300 0.000781999
2400 0.00078942
2500 0.000903747
2600 0.00105454
2700 0.00196901
2800 0.00103173
2900 0.00211652
3000 0.00160092
3100 0.00187623
3200 0.00112763
3300 0.00231744
3400 0.00134954
3500 0.00192226
3600 0.00096463
3700 0.00186579
3800 0.000967861
3900 0.00216171
4000 0.0134847
4100 0.00529046
4200 0.00523358
4300 0.00545709
4400 0.00652611
4500 0.00677068
4600 0.00675498
4700 0.00684799
4800 0.00712065
4900 0.00724815
5000 0.00840713
