100 0.00202014
200 0.00272238
300 0.0034198
400 0.00388251
500 0.00439284
600 0.00487719
700 0.00627589
800 0.00667222
900 0.00739851
1000 0.00781793
1100 0.00825082
1200 0.00895017
1300 0.00979767
1400 0.0123411
1500 0.0129303
1600 0.0133156
1700 0.0141121
1800 0.0143786
1900 0.0146672
2000 0.0154454
2100 0.0160534
2200 0.0165098
2300 0.0168951
2400 0.0174872
2500 0.0182861
2600 0.0187661
2700 0.0195333
2800 0.0199753
2900 0.0212417
3000 0.0214668
3100 0.02298
3200 0.0227785
3300 0.0230541
3400 0.0240069
3500 0.0245764
3600 0.0248501
3700 0.0252421
3800 0.0270073
3900 0.0272998
4000 0.0277331
4100 0.0291126
4200 0.0296118
4300 0.0299817
4400 0.0321231
4500 0.0321587
4600 0.0320947
4700 0.0327868
4800 0.0337921
4900 0.0337805
5000 0.0333655
