100 0.000785447
200 0.000839798
300 0.00083547
400 0.000768132
500 0.000731577
600 0.000738311
700 0.000906174
800 0.000888859
900 0.000920123
1000 0.000898478
1100 0.000788814
1200 0.0007917
1300 0.000753221
1400 0.00107837
1500 0.00106009
1600 0.00104614
1700 0.00106634
1800 0.00104133
1900 0.00107356
2000 0.00106153
2100 0.00107163
2200 0.0011231
2300 0.0010774
2400 0.00107981
2500 0.00108558
2600 0.00115725
2700 0.00106442
2800 0.00112262
2900 0.00108318
3000 0.0011635
3100 0.00121978
3200 0.00117889
3300 0.00116927
3400 0.00114426
3500 0.0010952
3600 0.00112454
3700 0.00110386
3800 0.0010851
3900 0.00106971
4000 0.00114378
4100 0.0011332
4200 0.00111781
4300 0.00113224
4400 0.00116013
4500 0.0011813
4600 0.00118611
4700 0.00119957
4800 0.00121833
4900 0.00116542
5000 0.00119813
