200 0.00694735
400 0.00889437
600 0.0110636
800 0.0130506
1000 0.0168114
1200 0.0176497
1400 0.0193039
1600 0.0213764
1800 0.0234538
2000 0.0289365
2200 0.0282204
2400 0.0297542
2600 0.0318739
2800 0.0347829
3000 0.0411334
3200 0.0381546
3400 0.0406331
3600 0.0425556
3800 0.0460827
4000 0.0544422
4200 0.0532018
4400 0.0555586
4600 0.0580347
4800 0.0598235
5000 0.061708
5200 0.0640364
5400 0.0666063
5600 0.0685529
5800 0.0708765
6000 0.0727923
6200 0.0738567
6400 0.0760072
6600 0.0780398
6800 0.0798238
7000 0.0822802
7200 0.0844076
7400 0.0866312
7600 0.0888711
7800 0.090835
8000 0.0933164
8200 0.0952235
8400 0.0966573
8600 0.0986293
8800 0.100724
9000 0.102829
9200 0.104916
9400 0.106754
9600 0.108944
9800 0.111078
10000 0.112499
