200 0.00740476
400 0.00971109
600 0.0115614
800 0.0136816
1000 0.0172626
1200 0.0176699
1400 0.0196545
1600 0.0222874
1800 0.0241026
2000 0.0294151
2200 0.0289438
2400 0.0304156
2600 0.03282
2800 0.035085
3000 0.0417456
3200 0.040397
3400 0.0409828
3600 0.0432391
3800 0.0462025
4000 0.0546341
4200 0.0533595
4400 0.0554537
4600 0.0575412
4800 0.0590712
5000 0.06153
5200 0.0638176
5400 0.0656179
5600 0.0676996
5800 0.0699261
6000 0.0717711
6200 0.074886
6400 0.0764641
6600 0.0783755
6800 0.0802846
7000 0.0823259
7200 0.0849112
7400 0.0871593
7600 0.0894805
7800 0.0909519
8000 0.0936035
8200 0.0951494
8400 0.0971671
8600 0.100401
8800 0.102536
9000 0.107804
9200 0.106042
9400 0.107795
9600 0.10808
9800 0.110253
10000 0.112679
