200 0.00728788
400 0.00907138
600 0.0109198
800 0.0126985
1000 0.0152241
1200 0.0163727
1400 0.0183659
1600 0.020237
1800 0.0220873
2000 0.0250627
2200 0.0261776
2400 0.0279395
2600 0.0299125
2800 0.0320221
3000 0.03559
3200 0.0358493
3400 0.0376116
3600 0.0394691
3800 0.0417466
4000 0.0467022
4200 0.0491442
4400 0.0506155
4600 0.0523273
4800 0.0542705
5000 0.0563873
5200 0.0580231
5400 0.0598264
5600 0.0616022
5800 0.063364
6000 0.0652552
6200 0.0672148
6400 0.0687717
6600 0.0707567
6800 0.0723603
7000 0.074343
7200 0.0761327
7400 0.0782385
7600 0.0795352
7800 0.081715
8000 0.0832268
8200 0.0873801
8400 0.0887566
8600 0.0910678
8800 0.0930042
9000 0.0948685
9200 0.0966025
9400 0.0986601
9600 0.10042
9800 0.102246
10000 0.103116
