200 0.00731434
400 0.00947348
600 0.0115893
800 0.0140755
1000 0.0171567
1200 0.0175959
1400 0.0198108
1600 0.0224
1800 0.0239911
2000 0.0294093
2200 0.0287417
2400 0.0303468
2600 0.0324006
2800 0.0350927
3000 0.0419318
3200 0.0401295
3400 0.0409511
3600 0.0431251
3800 0.0459259
4000 0.0548587
4200 0.0531195
4400 0.0553017
4600 0.0577095
4800 0.0584421
5000 0.0612212
5200 0.062656
5400 0.0646699
5600 0.066867
5800 0.0691315
6000 0.0709371
6200 0.0735354
6400 0.0754483
6600 0.0775632
6800 0.07916
7000 0.0839434
7200 0.0841714
7400 0.0859943
7600 0.0881338
7800 0.0910812
8000 0.094528
8200 0.095514
8400 0.0966693
8600 0.0987804
8800 0.100803
9000 0.103046
9200 0.104767
9400 0.106982
9600 0.108905
9800 0.111412
10000 0.113139
