200 0.00736677
400 0.00903001
600 0.0109641
800 0.0127591
1000 0.0151655
1200 0.016645
1400 0.0182577
1600 0.0201427
1800 0.0220383
2000 0.0250867
2200 0.0262868
2400 0.0278991
2600 0.0299153
2800 0.0323227
3000 0.0355636
3200 0.0355592
3400 0.0375736
3600 0.0396389
3800 0.0416076
4000 0.0461135
4200 0.0488238
4400 0.0506487
4600 0.0524206
4800 0.0544504
5000 0.0562507
5200 0.0581492
5400 0.0600558
5600 0.0619369
5800 0.0633933
6000 0.0651148
6200 0.0667588
6400 0.0687457
6600 0.0710242
6800 0.0724421
7000 0.0742179
7200 0.07591
7400 0.0777854
7600 0.0796194
7800 0.0816631
8000 0.0834033
8200 0.0877192
8400 0.0886701
8600 0.0909466
8800 0.0925584
9000 0.0944337
9200 0.0961811
9400 0.0982008
9600 0.100081
9800 0.102535
10000 0.103128
