200 0.00697669
400 0.00895161
600 0.0110853
800 0.0132107
1000 0.0167258
1200 0.0172558
1400 0.0193034
1600 0.0215375
1800 0.0235697
2000 0.0286835
2200 0.0281573
2400 0.0296739
2600 0.0318287
2800 0.0347516
3000 0.0410122
3200 0.0381676
3400 0.0401478
3600 0.0425258
3800 0.0456936
4000 0.0540728
4200 0.0532705
4400 0.0552209
4600 0.0573296
4800 0.0595681
5000 0.0614906
5200 0.0636362
5400 0.0657415
5600 0.0680945
5800 0.0703037
6000 0.0722363
6200 0.0743358
6400 0.0762746
6600 0.0783222
6800 0.0802067
7000 0.0825409
7200 0.0844797
7400 0.0865547
7600 0.0887451
7800 0.0908725
8000 0.0929292
8200 0.0945617
8400 0.0966669
8600 0.0987602
8800 0.10051
9000 0.102843
9200 0.105353
9400 0.106989
9600 0.109103
9800 0.111283
10000 0.112663
