200 0.00667655
400 0.00834172
600 0.00969137
800 0.011586
1000 0.0126071
1200 0.0147234
1400 0.0164872
1600 0.018541
1800 0.0199378
2000 0.0204476
2200 0.0233263
2400 0.0253825
2600 0.0272762
2800 0.0288423
3000 0.0292001
3200 0.0326166
3400 0.0341341
3600 0.0354265
3800 0.0369262
4000 0.0378194
4200 0.0433396
4400 0.044887
4600 0.0471221
4800 0.0472274
5000 0.0500282
5200 0.053752
5400 0.0560434
5600 0.0575758
5800 0.059786
6000 0.0612222
6200 0.0627325
6400 0.0644857
6600 0.0660229
6800 0.0682157
7000 0.0699886
7200 0.0704922
7400 0.0720376
7600 0.0731117
7800 0.073026
8000 0.0743439
8200 0.0745556
8400 0.0756181
8600 0.0769033
8800 0.0785396
9000 0.0797127
9200 0.0807997
9400 0.0824418
9600 0.0838448
9800 0.0858352
10000 0.0871733
