200 0.00784102
400 0.0098549
600 0.0122666
800 0.0148196
1000 0.0178566
1200 0.0183808
1400 0.0201845
1600 0.02303
1800 0.024864
2000 0.0295378
2200 0.0291087
2400 0.0307268
2600 0.0326497
2800 0.0356367
3000 0.0416634
3200 0.040574
3400 0.0412069
3600 0.0435633
3800 0.0462414
4000 0.0544874
4200 0.0535736
4400 0.0554191
4600 0.0574811
4800 0.0589298
5000 0.0614848
5200 0.0631649
5400 0.065046
5600 0.067057
5800 0.0694437
6000 0.0712805
6200 0.0732112
6400 0.0750394
6600 0.0775002
6800 0.0794481
7000 0.081196
7200 0.0836337
7400 0.0857962
7600 0.0875609
7800 0.0893175
8000 0.0917137
8200 0.0932438
8400 0.0953293
8600 0.0974961
8800 0.0994816
9000 0.101626
9200 0.103795
9400 0.105821
9600 0.10766
9800 0.109759
10000 0.111811
