200 0.00693196
400 0.00896075
600 0.011118
800 0.0130775
1000 0.0166652
1200 0.0172111
1400 0.0192586
1600 0.021399
1800 0.0234336
2000 0.0287922
2200 0.028279
2400 0.0296681
2600 0.0317566
2800 0.0348767
3000 0.0410915
3200 0.0382393
3400 0.0402195
3600 0.0425542
3800 0.0455983
4000 0.0539319
4200 0.0532359
4400 0.0551868
4600 0.0573377
4800 0.0596917
5000 0.0616618
5200 0.0637748
5400 0.0659493
5600 0.0681041
5800 0.0702729
6000 0.072698
6200 0.074026
6400 0.0761346
6600 0.0782702
6800 0.0801788
7000 0.0826222
7200 0.0845846
7400 0.0867254
7600 0.0894372
7800 0.0912227
8000 0.0927931
8200 0.0944977
8400 0.0967059
8600 0.0986669
8800 0.100673
9000 0.102728
9200 0.104831
9400 0.106822
9600 0.109022
9800 0.111295
10000 0.112157
