200 0.00677516
400 0.00829363
600 0.00979767
800 0.0116889
1000 0.0127663
1200 0.0147792
1400 0.0165949
1600 0.0187584
1800 0.0203168
2000 0.0205308
2200 0.0239372
2400 0.0255422
2600 0.0274763
2800 0.0290015
3000 0.0293064
3200 0.0328845
3400 0.0349469
3600 0.0360455
3800 0.0374452
4000 0.0383586
4200 0.0439005
4400 0.0456541
4600 0.0473506
4800 0.0479066
5000 0.0502182
5200 0.0545278
5400 0.0564768
5600 0.0587302
5800 0.0604694
6000 0.0622885
6200 0.0632669
6400 0.0649493
6600 0.0674279
6800 0.0689261
7000 0.0705095
7200 0.0715143
7400 0.0729375
7600 0.0743199
7800 0.07342
8000 0.0754088
8200 0.0752689
8400 0.0758994
8600 0.0772467
8800 0.0793197
9000 0.0808305
9200 0.0811566
9400 0.0828651
9600 0.0845644
9800 0.0866971
10000 0.0887124
