200 0.00735715
400 0.00905021
600 0.0108804
800 0.0126311
1000 0.015038
1200 0.016353
1400 0.0182212
1600 0.0202682
1800 0.0221388
2000 0.0251632
2200 0.0262743
2400 0.0279664
2600 0.0299149
2800 0.0321216
3000 0.0357078
3200 0.0357184
3400 0.0377256
3600 0.0394364
3800 0.0420689
4000 0.0462376
4200 0.0489994
4400 0.0506963
4600 0.0525149
4800 0.0545129
5000 0.056294
5200 0.0582179
5400 0.0598624
5600 0.0619398
5800 0.0636285
6000 0.0653736
6200 0.0668175
6400 0.069017
6600 0.0710593
6800 0.0724585
7000 0.0742044
7200 0.0762515
7400 0.0779335
7600 0.0799161
7800 0.0818478
8000 0.0835923
8200 0.0872271
8400 0.0887759
8600 0.0909326
8800 0.0925694
9000 0.0945477
9200 0.0962797
9400 0.0985413
9600 0.100077
9800 0.10189
10000 0.103069
