200 0.00680834
400 0.00826669
600 0.00964375
800 0.0115869
1000 0.0126076
1200 0.0145368
1400 0.0163708
1600 0.0184193
1800 0.0198046
2000 0.0204106
2200 0.0233605
2400 0.0253056
2600 0.0271377
2800 0.0287778
3000 0.029039
3200 0.03263
3400 0.0338662
3600 0.0354529
3800 0.0366429
4000 0.0376885
4200 0.0429654
4400 0.044645
4600 0.0467609
4800 0.0468042
5000 0.0494765
5200 0.0536967
5400 0.0557669
5600 0.0578144
5800 0.0597446
6000 0.0610986
6200 0.0626752
6400 0.0640614
6600 0.0660176
6800 0.0680652
7000 0.0695014
7200 0.070244
7400 0.0721218
7600 0.0737403
7800 0.0728202
8000 0.0740212
8200 0.074026
8400 0.0749077
8600 0.0765733
8800 0.078454
9000 0.0795496
9200 0.080212
9400 0.0818079
9600 0.083423
9800 0.084702
10000 0.0865884
