200 0.00128628
400 0.00126847
600 0.00129543
800 0.00124151
1000 0.00152987
1200 0.00286765
1400 0.00137967
1600 0.00138063
1800 0.00130842
2000 0.0014514
2200 0.00147499
2400 0.00177441
2600 0.00160641
2800 0.00132527
3000 0.00145092
3200 0.00133105
3400 0.00141385
3600 0.00181052
3800 0.00132527
4000 0.00139508
4200 0.00158041
4400 0.00147499
4600 0.00243296
4800 0.001617
5000 0.00164829
5200 0.00172242
5400 0.00183507
5600 0.002005
5800 0.00209213
6000 0.00194146
6200 0.00265199
6400 0.00198911
6600 0.00222259
6800 0.00387088
7000 0.0038237
7200 0.00206806
7400 0.00227025
7600 0.00225821
7800 0.00216434
8000 0.00225966
8200 0.00275116
8400 0.00237471
8600 0.00225677
8800 0.00234197
9000 0.00238434
9200 0.00290376
9400 0.00263803
9600 0.00236749
9800 0.00278149
10000 0.0047292
