200 0.0012237
400 0.00114908
600 0.00126029
800 0.00124007
1000 0.00125884
1200 0.00124681
1400 0.00118182
1600 0.00124151
1800 0.00117412
2000 0.00132383
2200 0.00117412
2400 0.00115534
2600 0.00229287
2800 0.00124344
3000 0.00119867
3200 0.0013142
3400 0.00121407
3600 0.00130409
3800 0.00124825
4000 0.00123429
4200 0.00138785
4400 0.0013556
4600 0.00221007
4800 0.00133972
5000 0.00149424
5200 0.00158282
5400 0.00155297
5600 0.00169065
5800 0.00175564
6000 0.00168969
6200 0.00169113
6400 0.00184951
6600 0.00192653
6800 0.00196167
7000 0.00191594
7200 0.00193712
7400 0.00191787
7600 0.00194386
7800 0.00199585
8000 0.00198286
8200 0.00211091
8400 0.00217782
8600 0.00202329
8800 0.00196649
9000 0.00219611
9200 0.00209454
9400 0.00223896
9600 0.00211861
9800 0.0022818
10000 0.00216867
