50 0.000134955
100 0.000161732
150 0.000169954
200 0.000149787
250 0.000193331
300 0.000148824
350 0.000190703
400 0.00020229
450 0.000156144
500 0.0001324
550 0.000111934
600 0.000190392
650 0.000108261
700 0.000193002
750 0.000107104
800 0.000269229
850 9.89097e-005
900 0.000237759
950 0.000101088
1000 0.000137189
1050 0.000289239
1100 0.000205154
1150 0.000199692
1200 0.000266151
1250 0.000103472
1300 0.00012198
1350 0.00014029
1400 0.000160742
1450 0.000105936
1500 0.000169391
1550 0.000171803
1600 0.000170519
1650 0.000196402
1700 0.000117164
1750 0.000177268
1800 0.000124953
1850 0.00012694
1900 0.000159205
1950 0.000155528
2000 0.000116491
2050 0.000118759
2100 0.000126164
2150 0.000115862
2200 0.000143524
2250 0.00014096
2300 0.00013352
2350 0.000131941
2400 0.000130029
2450 0.000131056
2500 0.000121609
