50 0.000138494
100 0.000148586
150 0.000180023
200 0.000154123
250 0.000183265
300 0.000150945
350 0.000198974
400 0.000201367
450 0.000164337
500 0.000174427
550 0.00013575
600 0.000191271
650 0.000131019
700 0.000199973
750 0.000132056
800 0.000263087
850 0.000137495
900 0.000240077
950 0.000134477
1000 0.000153066
1050 0.000243604
1100 0.000212617
1150 0.000207567
1200 0.000264679
1250 0.000147234
1300 0.000129044
1350 0.000158859
1400 0.000136347
1450 0.000137747
1500 0.000159495
1550 0.000177912
1600 0.000169276
1650 0.000170171
1700 0.000130215
1750 0.000168376
1800 0.000159411
1850 0.000163112
1900 0.000163768
1950 0.000179031
2000 0.000141635
2050 0.000158325
2100 0.000148061
2150 0.000151526
2200 0.000140898
2250 0.000164249
2300 0.00013983
2350 0.00016265
2400 0.000143034
2450 0.000175037
2500 0.000136642
