50 0.000149133
100 0.000148824
150 0.000179721
200 0.000157852
250 0.000195254
300 0.000137372
350 0.000196868
400 0.000203033
450 0.000167362
500 0.000147902
550 0.000124376
600 0.000183926
650 0.000106127
700 0.00019301
750 9.14633e-005
800 0.000252059
850 9.42848e-005
900 0.000236971
950 0.000105085
1000 0.00013719
1050 0.000271932
1100 0.000207511
1150 0.00021535
1200 0.000269078
1250 0.000112942
1300 0.00014439
1350 0.000135369
1400 0.000141669
1450 0.00011451
1500 0.000147627
1550 0.000157465
1600 0.000166115
1650 0.000142574
1700 0.000123039
1750 0.000159854
1800 0.00012276
1850 0.000126731
1900 0.000162249
1950 0.00013975
2000 0.000137769
2050 0.000140897
2100 0.000132068
2150 0.000127583
2200 0.000141257
2250 0.000137259
2300 0.00014106
2350 0.000141185
2400 0.000138867
2450 0.000145177
2500 0.000136497
