100 0.00035205
200 0.000475978
300 0.000408357
400 0.000520119
500 0.000558787
600 0.000621527
700 0.000678336
800 0.000943892
900 0.000895711
1000 0.00103481
1100 0.000731726
1200 0.0012033
1300 0.000289059
1400 0.000292012
1500 0.000347447
1600 0.000448253
1700 0.000294485
1800 0.000372105
1900 0.000275208
2000 0.000322588
2100 0.000297021
2200 0.000245018
2300 0.000234764
2400 0.000257255
2500 0.00031094
2600 0.000389615
2700 0.00034125
2800 0.00033141
2900 0.000375139
3000 0.000219722
3100 0.000245616
3200 0.000239737
3300 0.000306233
3400 0.000281731
3500 0.000285486
3600 0.000236302
3700 0.000293909
3800 0.000258058
3900 0.000207846
4000 0.000384855
4100 0.0031305
4200 0.00237985
4300 0.00241462
4400 0.00237471
4500 0.00245241
4600 0.00236866
4700 0.00237577
4800 0.00233283
4900 0.00237289
5000 0.0023936
