100 0.000355923
200 0.000442885
300 0.000416542
400 0.000517728
500 0.000562269
600 0.000612102
700 0.000689339
800 0.000950851
900 0.00086748
1000 0.00105565
1100 0.000742307
1200 0.00120142
1300 0.000282871
1400 0.000305222
1500 0.000362523
1600 0.000425648
1700 0.000290407
1800 0.000355705
1900 0.0002893
2000 0.000344746
2100 0.000290543
2200 0.000247357
2300 0.000236793
2400 0.000244627
2500 0.000334552
2600 0.000397203
2700 0.000353457
2800 0.000324438
2900 0.000366769
3000 0.000249034
3100 0.000275101
3200 0.00024283
3300 0.000312453
3400 0.000303096
3500 0.00027421
3600 0.000256874
3700 0.000260884
3800 0.000275556
3900 0.000222858
4000 0.000383964
4100 0.00321922
4200 0.00240252
4300 0.00244364
4400 0.00239844
4500 0.00242671
4600 0.00238469
4700 0.00236669
4800 0.00237456
4900 0.00237078
5000 0.00242248
