100 0.000352788
200 0.000461941
300 0.000401327
400 0.000532495
500 0.000558962
600 0.000616478
700 0.000662653
800 0.000921232
900 0.000855391
1000 0.00103918
1100 0.000718799
1200 0.00121552
1300 0.000284456
1400 0.000314485
1500 0.000348217
1600 0.000448213
1700 0.000292349
1800 0.000373511
1900 0.000298822
2000 0.000312497
2100 0.000303732
2200 0.000248786
2300 0.000239478
2400 0.000245735
2500 0.000320242
2600 0.000392634
2700 0.00033458
2800 0.000323593
2900 0.000340882
3000 0.000238456
3100 0.000236683
3200 0.000241762
3300 0.000307164
3400 0.000305333
3500 0.000300225
3600 0.0002493
3700 0.000249317
3800 0.000256222
3900 0.000226364
4000 0.000343191
4100 0.00330029
4200 0.00241749
4300 0.00238877
4400 0.00241326
4500 0.00241492
4600 0.00243095
4700 0.00242006
4800 0.00239738
4900 0.00233434
5000 0.00234901
