100 0.00214423
200 0.00364779
300 0.00503303
400 0.00643125
500 0.00782274
600 0.00918585
700 0.0154045
800 0.0171572
900 0.0168561
1000 0.0203486
1100 0.0217828
1200 0.0253243
1300 0.0314497
1400 0.0430967
1500 0.0474636
1600 0.0509151
1700 0.0539723
1800 0.0571285
1900 0.0597542
2000 0.063124
2100 0.0660277
2200 0.0688809
2300 0.0715744
2400 0.0747667
2500 0.0776545
2600 0.0810744
2700 0.0832099
2800 0.085776
2900 0.0887239
3000 0.0915632
3100 0.0950657
3200 0.0972845
3300 0.100417
3400 0.103616
3500 0.105976
3600 0.108644
3700 0.110853
3800 0.11412
3900 0.117657
4000 0.118847
4100 0.121789
4200 0.123639
4300 0.126635
4400 0.129324
4500 0.133144
4600 0.135449
4700 0.137919
4800 0.139736
4900 0.143175
5000 0.145004
