100 0.00213509
200 0.00353187
300 0.00485843
400 0.0062504
500 0.00751683
600 0.00875297
700 0.0145955
800 0.016074
900 0.0155729
1000 0.01887
1100 0.0200181
1200 0.0230911
1300 0.0278385
1400 0.0378223
1500 0.0410107
1600 0.0437427
1700 0.045771
1800 0.0483106
1900 0.0498955
2000 0.0519873
2100 0.0536212
2200 0.0565989
2300 0.0578971
2400 0.059948
2500 0.0625545
2600 0.0634217
2700 0.0648748
2800 0.0669772
2900 0.0683816
3000 0.0705201
3100 0.0710444
3200 0.0727644
3300 0.0749307
3400 0.0761226
3500 0.0776517
3600 0.0785727
3700 0.0804188
3800 0.0812186
3900 0.0828213
4000 0.0837722
4100 0.084093
4200 0.0865364
4300 0.087723
4400 0.087876
4500 0.0894416
4600 0.0911568
4700 0.0922164
4800 0.0928691
4900 0.0945592
5000 0.0949484
