100 0.000771596
200 0.00148431
300 0.00174187
400 0.00256521
500 0.00299114
600 0.00349701
700 0.00591334
800 0.00790894
900 0.00816302
1000 0.00960839
1100 0.00952962
1200 0.0118134
1300 0.011789
1400 0.0179777
1500 0.0194129
1600 0.0221182
1700 0.0181221
1800 0.0243375
1900 0.0227352
2000 0.0223624
2100 0.0278605
2200 0.0231393
2300 0.0235306
2400 0.0255926
2500 0.026918
2600 0.0347493
2700 0.0298564
2800 0.0305068
2900 0.0378954
3000 0.0305115
3100 0.030979
3200 0.0318253
3300 0.0354453
3400 0.0388072
3500 0.0400965
3600 0.0362152
3700 0.0372517
3800 0.0382278
3900 0.0386281
4000 0.0470477
4100 0.0501898
4200 0.0504481
4300 0.0510284
4400 0.0558578
4500 0.0573887
4600 0.0569794
4700 0.05819
4800 0.0588196
4900 0.0605064
5000 0.0613358
