100 0.000798705
200 0.0015561
300 0.00178862
400 0.00256596
500 0.00300053
600 0.00351888
700 0.00591183
800 0.00790121
900 0.00814816
1000 0.00960696
1100 0.00973466
1200 0.0118393
1300 0.0120415
1400 0.0184504
1500 0.0201501
1600 0.0227693
1700 0.0187788
1800 0.0251382
1900 0.0237235
2000 0.0233027
2100 0.0291603
2200 0.0242152
2300 0.0247636
2400 0.0270973
2500 0.028295
2600 0.0368248
2700 0.0312814
2800 0.0325308
2900 0.0400862
3000 0.0325607
3100 0.033257
3200 0.0343746
3300 0.0376896
3400 0.0417677
3500 0.0431564
3600 0.0394607
3700 0.0404134
3800 0.0416184
3900 0.0417019
4000 0.0469191
4100 0.0545483
4200 0.0528298
4300 0.0539006
4400 0.0549202
4500 0.0562865
4600 0.0572607
4700 0.0583935
4800 0.0594322
4900 0.0604844
5000 0.0619163
