100 0.0021957
200 0.00351889
300 0.005059
400 0.00649185
500 0.00779148
600 0.00929407
700 0.0158985
800 0.017366
900 0.0171365
1000 0.0212028
1100 0.0223494
1200 0.0261218
1300 0.0322246
1400 0.0450842
1500 0.049187
1600 0.0525048
1700 0.0552378
1800 0.0591116
1900 0.062315
2000 0.0654616
2100 0.0687135
2200 0.0718289
2300 0.0748682
2400 0.0784809
2500 0.0814409
2600 0.084878
2700 0.0884642
2800 0.0914713
2900 0.0948089
3000 0.0977535
3100 0.101825
3200 0.104832
3300 0.107786
3400 0.111059
3500 0.114336
3600 0.117556
3700 0.121283
3800 0.124416
3900 0.126762
4000 0.130956
4100 0.133481
4200 0.13653
4300 0.139869
4400 0.142397
4500 0.145829
4600 0.149414
4700 0.153428
4800 0.156513
4900 0.158768
5000 0.16135
