100 0.000780014
200 0.00143397
300 0.00176461
400 0.00253529
500 0.0029074
600 0.0035513
700 0.00551468
800 0.00751945
900 0.00770397
1000 0.00942436
1100 0.00904141
1200 0.0120963
1300 0.0111191
1400 0.0160239
1500 0.017217
1600 0.019139
1700 0.0168418
1800 0.0210213
1900 0.0200843
2000 0.0196204
2100 0.02293
2200 0.0199378
2300 0.0205029
2400 0.0222733
2500 0.023019
2600 0.026825
2700 0.0247685
2800 0.025043
2900 0.0291394
3000 0.025049
3100 0.0266129
3200 0.0254248
3300 0.029326
3400 0.0302139
3500 0.0311626
3600 0.028104
3700 0.0298684
3800 0.0293019
3900 0.031216
4000 0.0472177
4100 0.0454867
4200 0.0449015
4300 0.0451473
4400 0.0478395
4500 0.0485993
4600 0.0477871
4700 0.0484816
4800 0.0500398
4900 0.050772
5000 0.0512963
