200 0.00205429
400 0.0027445
600 0.00351071
800 0.00420718
1000 0.0049628
1200 0.00564436
1400 0.00629994
1600 0.00696851
1800 0.00773713
2000 0.00841387
2200 0.00937103
2400 0.00961633
2600 0.010574
2800 0.0111603
3000 0.011888
3200 0.0126047
3400 0.0132122
3600 0.0138605
3800 0.0146494
4000 0.0153978
4200 0.00206872
4400 0.00243811
4600 0.00208988
4800 0.00211249
5000 0.00225438
5200 0.00212355
5400 0.00217261
5600 0.00216588
5800 0.0021755
6000 0.00211537
6200 0.00222215
6400 0.00221397
6600 0.00228757
6800 0.00224524
7000 0.00218656
7200 0.00216347
7400 0.00217598
7600 0.00226736
7800 0.00219522
8000 0.0023121
8200 0.0023068
8400 0.0022943
8600 0.00235779
8800 0.00217501
9000 0.00227891
9200 0.002479
9400 0.00248285
9600 0.00251219
9800 0.00240829
10000 0.00249006
