200 0.00111637
400 0.0011207
600 0.00106202
800 0.00106153
1000 0.00106442
1200 0.00108462
1400 0.00109136
1600 0.00110434
1800 0.00106875
2000 0.00114186
2200 0.00107548
2400 0.00112502
2600 0.00104566
2800 0.00104759
3000 0.00107067
3200 0.00105576
3400 0.0011231
3600 0.00106346
3800 0.0011231
4000 0.00116687
4200 0.00124287
4400 0.00124768
4600 0.00130972
4800 0.00137225
5000 0.00140688
5200 0.00139822
5400 0.0014141
5600 0.00144969
5800 0.00152568
6000 0.00153098
6200 0.0015406
6400 0.00157426
6600 0.00159206
6800 0.00163968
7000 0.00168345
7200 0.00167094
7400 0.0017556
7600 0.00167912
7800 0.00170557
8000 0.00169162
8200 0.00191865
8400 0.0019427
8600 0.00192057
8800 0.00191865
9000 0.00188787
9200 0.00193933
9400 0.00191047
9600 0.00194462
9800 0.00203168
10000 0.00196819
