200 0.00197877
400 0.00198118
600 0.00189893
800 0.00193885
1000 0.00193548
1200 0.00194462
1400 0.00194029
1600 0.0019932
1800 0.00194943
2000 0.00199994
2200 0.00201966
2400 0.00206775
2600 0.00216107
2800 0.00211441
3000 0.00214952
3200 0.00225005
3400 0.00223081
3600 0.00224812
3800 0.00225582
4000 0.00232556
4200 0.00243907
4400 0.00238809
4600 0.00247322
4800 0.0024107
5000 0.00240781
5200 0.00242224
5400 0.00238328
5600 0.00250497
5800 0.00244869
6000 0.00244388
6200 0.00243571
6400 0.00254393
6600 0.00240781
6800 0.00241551
7000 0.00234047
7200 0.0025295
7400 0.00257471
7600 0.00242416
7800 0.00245735
8000 0.00241551
8200 0.00252469
8400 0.00255836
8600 0.0026055
8800 0.00244677
9000 0.00257423
9200 0.00249246
9400 0.00255932
9600 0.00251507
9800 0.00252229
10000 0.00247226
