200 0.00213798
400 0.00276663
600 0.003592
800 0.00424854
1000 0.00487815
1200 0.00572517
1400 0.0062706
1600 0.00692378
1800 0.00768326
2000 0.00841099
2200 0.00919451
2400 0.00985009
2600 0.0106283
2800 0.0111646
3000 0.0117851
3200 0.0126109
3400 0.0135498
3600 0.0139774
3800 0.0147143
4000 0.0155834
4200 0.00204274
4400 0.00216251
4600 0.00207545
4800 0.00216059
5000 0.00211489
5200 0.0022058
5400 0.00209565
5600 0.00215337
5800 0.00218512
6000 0.00213365
6200 0.0020134
6400 0.00204515
6600 0.00206246
6800 0.00204419
7000 0.00201581
7200 0.00206391
7400 0.00203457
7600 0.00211345
7800 0.00219666
8000 0.00212595
8200 0.00228853
8400 0.00213269
8600 0.00210816
8800 0.00220724
9000 0.00227025
9200 0.00238376
9400 0.00237078
9600 0.00239242
9800 0.00243763
10000 0.00248573
