200 0.0019124
400 0.00194029
600 0.00198647
800 0.00201292
1000 0.00197011
1200 0.00192298
1400 0.00204996
1600 0.00206535
1800 0.00198262
2000 0.00200138
2200 0.00208796
2400 0.00201918
2600 0.00211874
2800 0.00215481
3000 0.00221349
3200 0.00220772
3400 0.00225822
3600 0.00230584
3800 0.00231594
4000 0.00232797
4200 0.00240252
4400 0.002441
4600 0.00230007
4800 0.00233807
5000 0.00241887
5200 0.00242368
5400 0.00236933
5600 0.00233759
5800 0.00237222
6000 0.00240204
6200 0.00243378
6400 0.00239434
6600 0.00235875
6800 0.00235442
7000 0.00235827
7200 0.0024689
7400 0.00233807
7600 0.00235105
7800 0.0023929
8000 0.00238376
8200 0.00242657
8400 0.00236164
8600 0.00231113
8800 0.00241214
9000 0.00246505
9200 0.00238328
9400 0.00251796
9600 0.00238088
9800 0.00249102
10000 0.00243378
