200 0.00192009
400 0.00191047
600 0.00197829
800 0.00197877
1000 0.00203841
1200 0.00196098
1400 0.00198406
1600 0.00196482
1800 0.00204322
2000 0.00198935
2200 0.00199416
2400 0.00210431
2600 0.00215722
2800 0.00218175
3000 0.00216155
3200 0.00221686
3400 0.00222456
3600 0.00238184
3800 0.00228227
4000 0.0022765
4200 0.00239001
4400 0.00246842
4600 0.0024208
4800 0.00241935
5000 0.00243571
5200 0.00244388
5400 0.00240252
5600 0.00236404
5800 0.00236116
6000 0.00240348
6200 0.00248236
6400 0.00243956
6600 0.00238184
6800 0.00253191
7000 0.00241166
7200 0.00243282
7400 0.0023852
7600 0.00242513
7800 0.00241984
8000 0.00243956
8200 0.00252132
8400 0.0025598
8600 0.00248044
8800 0.00260453
9000 0.00257135
9200 0.00256221
9400 0.00251315
9600 0.00245831
9800 0.00252902
10000 0.00250641
